46,36
0,444
0,443
0,438
0,437
0,436
33,88
33,87
33,86
0,435
35,13
31,4
26,4
26,1
26,3
35,4
35,7
34,6
0,434
0,474
46,35
3,1
3,3
10,93
10,249
10,197
10,137
10,179
10,291
10,19
10,2
10,3
11,22
11,4
35,16
11,23
35,15
11,26
11,18
11,9
11,17
35,14
35,12
35,8
35,5
9,7
35,3
35,1
34,8
34,7
34,4
34,3
34,1
33,85
33,84
33,83
33,82
33,81
33,80
8,7
8,11
8,10
8,12
8,6
33,79
33,78
33,77
33,76
33,75
33,74
33,73
33,72
33,71
33,70
33,69
33,68
8,16
33,67
33,66
33,65
33,64
33,37
33,36
33,35
33,34
33,33
33,32
33,31
33,30
33,29
33,28
33,27
33,26
33,25
33,24
33,23
33,22
33,21
33,20
33,19
33,18
33,17
33,16
33,15
33,14
33,13
33,12
33,11
33,10
33,9
33,8
33,7
33,6
33,5
33,4
33,3
33,1
31,5
31,3
31,1
29,4
29,3
29,1
28,5
28,3
28,1
27,3
27,1
25,5
25,4
25,3
25,1
24,4
24,3
